19 24 40 42 56 23
32
8 25 32 43 47 26
33 48 56 62 67 15
3 7 8 30 48 2
1 4 12 19 26 5
4 7 30 48 54 13
7 14 23 48 56 1
4 31 53 63 64 21
17 18 29 38 52 24
30 42 43 48 58 17
6 17 28 36 61 4
41 59 61 67 69 6
22 32 43 66 68 12
6 12 23 30 31 10
21 36 61 63 69 10
25 35 56 61 64 1
21 44 46 52 59 13
7 19 20 31 63 10
11 15 16 41 44 5
13 29 37 50 67 8
13 21 41 50 54 18
12 36 37 39 66 19
5 15 23 39 68 4
11 16 27 30 68 24
2 23 24 43 63 19
8 24 32 35 65 22
6 9 16 42 49 15
42 48 53 63 66 13
20 46 57 62 65 15
26 42 45 54 63 4
22 25 29 50 56 25
8 10 15 21 36 4
6 8 9 35 64 12